0 0.070000 0.625581 0.117778 0.627907
0 0.926667 0.646512 0.084444 0.511628
0 0.197778 0.616279 0.111111 0.646512
0 0.801111 0.637209 0.073333 0.483721
0 0.341111 0.634884 0.113333 0.627907
0 0.712222 0.620930 0.077778 0.553488
0 0.477778 0.644186 0.102222 0.600000
0 0.650000 0.648837 0.082222 0.553488
0 0.578889 0.651163 0.068889 0.520930
0 0.290000 0.637209 0.051111 0.465116
0 0.408889 0.637209 0.062222 0.474419
0 0.626667 0.630233 0.044444 0.525581
0 0.507778 0.625581 0.060000 0.516279
0 0.538889 0.651163 0.037778 0.446512