0 0.275000 0.756322 0.134000 0.487356
0 0.686000 0.714943 0.124000 0.395402
0 0.843000 0.579310 0.054000 0.119540
0 0.504000 0.768966 0.120000 0.462069
0 0.757000 0.674713 0.070000 0.278161
0 0.947000 0.709195 0.106000 0.393103
0 0.151000 0.711494 0.090000 0.383908
0 0.062000 0.744828 0.120000 0.501149
0 0.575000 0.704598 0.090000 0.360920
0 0.398000 0.660920 0.080000 0.282759
0 0.432000 0.709195 0.100000 0.356322
0 0.092000 0.719540 0.096000 0.400000
0 0.912000 0.698851 0.100000 0.303448
0 0.234000 0.728736 0.076000 0.386207