0 0.753000 0.720721 0.102000 0.396396
0 0.635000 0.723724 0.090000 0.462462
0 0.130000 0.723724 0.124000 0.546547
0 0.924000 0.744745 0.136000 0.504505
0 0.281000 0.732733 0.114000 0.528529
0 0.546000 0.759760 0.092000 0.474474
0 0.222000 0.735736 0.104000 0.474474
0 0.412000 0.738739 0.096000 0.516517
0 0.962000 0.764264 0.076000 0.459459
0 0.367000 0.731231 0.058000 0.447447
0 0.511000 0.695195 0.054000 0.351351
0 0.040000 0.746246 0.076000 0.495495
0 0.962000 0.698198 0.076000 0.321321
0 0.465000 0.711712 0.082000 0.414414