0 0.060000 0.556000 0.116000 0.584000
0 0.500000 0.514667 0.132000 0.554667
0 0.177000 0.506667 0.142000 0.592000
0 0.934000 0.578667 0.132000 0.656000
0 0.313000 0.514667 0.114000 0.586667
0 0.801000 0.622667 0.190000 0.621333
0 0.619000 0.458667 0.126000 0.586667
0 0.235000 0.414667 0.078000 0.536000
0 0.435000 0.366667 0.106000 0.445333
0 0.680000 0.434667 0.080000 0.528000
0 0.744000 0.502667 0.192000 0.664000
0 0.771000 0.182667 0.078000 0.141333
0 0.373000 0.490667 0.102000 0.592000
0 0.857000 0.506667 0.090000 0.576000